odds = 1:2:100;
evens = 100:-2:1;
